HS256,decode_only,0.5,0.895241|1.011393|0.893421,12.64
HS256,primitive_preparsed,2,1.904469|2.134262|1.984948,11.44
HS256,primitive_raw,4,2.695826|2.495104|2.503524,7.83
HS256,primitive_preparsed,0.5,1.484406|1.439622|1.380871,7.22
HS256,primitive_raw,2,1.765003|1.890324|1.810652,6.88
RS256,primitive_preparsed,0.5,11.159136|11.162893|11.760353,5.29
RS256,decode_only,4,2.009085|1.984866|2.084084,4.90
RS256,primitive_preparsed,2,12.027863|11.507267|11.518637,4.46
RS256,primitive_preparsed,4,12.422021|12.612115|12.106039,4.09
HS256,decode_only,4,2.090392|2.012145|2.030105,3.83
HS256,primitive_preparsed,4,2.613130|2.708795|2.685542,3.58
RS256,primitive_raw,2,11.613819|12.025409|11.707846,3.49
HS256,full_verify,4,31.403472|31.980809|32.263384,2.70
HS256,full_verify,0.5,26.009885|26.545372|25.907751,2.44
RS256,decode_only,0.5,0.894274|0.877524|0.873283,2.38
HS256,primitive_raw,0.5,1.292458|1.322056|1.319301,2.26
RS256,decode_only,2,1.352760|1.324274|1.332805,2.13
RS256,full_verify,2,30.895319|30.903666|31.416078,1.68
RS256,primitive_raw,4,12.425666|12.322127|12.523022,1.62
RS256,full_verify,0.5,29.001034|28.914446|28.676902,1.12
HS256,decode_only,2,1.355460|1.355309|1.370270,1.10
RS256,primitive_raw,0.5,11.140727|11.023487|11.101285,1.06
HS256,full_verify,2,28.673610|28.495071|28.488698,0.65
RS256,full_verify,4,34.314757|34.333341|34.198784,0.39
