20:51:04 2.80 2.93 2.78
20:51:09 2.90 2.95 2.79
20:51:14 2.90 2.95 2.79
20:51:19 3.07 2.98 2.80
20:51:25 2.99 2.97 2.80
20:51:30 2.99 2.97 2.80
20:51:35 2.83 2.94 2.79
20:51:40 2.76 2.92 2.79
20:51:45 2.78 2.92 2.79
20:51:50 2.72 2.90 2.78
20:51:55 2.98 2.96 2.80
20:52:00 3.38 3.04 2.83
20:52:05 3.19 3.01 2.82
20:52:10 3.26 3.02 2.83
20:52:15 3.24 3.02 2.83
20:52:20 3.30 3.04 2.83
20:52:25 3.11 3.00 2.82
20:52:30 3.34 3.05 2.84
20:52:35 3.16 3.02 2.83
20:52:40 3.14 3.02 2.83
20:52:45 3.05 3.00 2.83
20:52:50 2.89 2.97 2.82
20:52:55 2.81 2.95 2.81
20:53:00 2.83 2.95 2.81
20:53:05 2.76 2.94 2.81
20:53:10 2.86 2.95 2.81
20:53:15 3.03 2.99 2.83
20:53:20 3.19 3.02 2.84
20:53:25 3.41 3.07 2.86
20:53:30 3.54 3.10 2.87
20:53:35 3.50 3.10 2.87
20:53:40 4.98 3.41 2.98
20:53:45 4.66 3.37 2.97
20:53:50 4.93 3.45 3.00
20:53:55 4.69 3.42 2.99
20:54:00 4.56 3.42 2.99
20:54:05 4.91 3.51 3.03
20:54:10 4.68 3.48 3.02
20:54:15 4.30 3.43 3.00
20:54:20 4.20 3.42 3.00
